27.897984125870643 49.595549587064674
25.751250264179102 49.181974970149255
26.189269631343283 48.97697697014925
22.356701034328353 45.03972353233831
23.732909192139303 44.870515960199
46.97333534328359 20.239229340298508
44.9988931840796 19.695106149253736
25.659770320398007 50.40824639303483
46.51813507462687 20.201192770149255
47.34186524875622 20.303852504975122
46.46985732338308 21.040466578606967
26.021742672636815 48.50902008457712
44.872208661691545 18.911765949253734
44.37148924875622 16.731094499502486
42.79790392039801 15.45486933875622
27.116984552238804 49.477623995024885
25.210815390547264 50.52430609950248
47.58799083084577 21.063160179104475
48.625085213930355 22.072161048756215
23.697431610447758 45.50138264179104
44.96533506965174 18.106901817910448
45.53467707960199 21.008987487562184
44.87808870646767 17.739548847263684
26.89021266965174 50.650904786069646
32.05992185472637 55.72516265174129
25.640056672636813 47.20009132835822
30.483682650756215 53.70760195522387
27.357218466169154 52.21294272139304
47.96530355721393 19.26791693253731
48.519903174129354 21.413509615422882
47.72443432338308 20.821829905472637
29.289781865671635 51.586771154228856
