18.496681939215687 20.094252036274508 41.92483298529412
19.391331063725488 41.55103770588236 15.303400503921566
23.044386294117647 24.56766982352941 49.28499495588235
19.552420102941177 20.705877225 43.35735532843137
42.5576417009804 20.877122583333332 16.852416470588235
43.58752006862745 21.05336437254902 18.43139287745098
45.074672759803924 23.23858533333333 20.741534700980388
20.847665980392154 21.921971191176468 47.465598906862745
21.382517392156863 22.640094549019608 46.82798974999999
27.378616014705884 28.334395852941174 50.350190897058816
43.88746381862745 20.845089438725488 19.78120317156863
19.792002872549023 42.06991500490196 16.567996393137257
19.757341279411765 42.3117421617647 13.966534999019606
40.720724024509806 18.38823872794117 13.66400994117647
18.428824083333332 18.388326161764706 45.316401088235295
20.698923073529414 22.07916731519608 46.69952808333333
21.14041932843137 21.30153090735294 47.92384614215686
42.98767341666667 19.771437000000002 15.098664103921568
42.255278730392156 20.797755637254905 18.95170087009804
43.41839657352941 19.69546386764706 17.499629495098038
22.83960345098039 23.779550906862745 47.801733156862745
44.090367828431376 21.57782396078431 20.209818406862745
21.183149553921567 21.329408705882354 45.92683278431372
41.06479122058824 18.99691206862745 15.695276210784314
23.322638053921565 23.96099869117647 46.245372637254896
39.86515455882353 17.27447616666667 13.187426284803921
43.48089359313725 21.334068779411766 17.69779013235294
21.259353823529416 21.54286784803922 47.41297507843137
19.25245423529412 40.779244872549015 16.58279649019608
20.155198946078432 42.92977995098039 14.255086751960782
17.973093397058825 40.55202077941176 14.51003199019608
19.660797029411768 43.57858623039215 18.708758465686273
20.232425830882356 42.420068436274505 16.537842284313722
42.97669112254902 21.855234127450984 18.85858869117647
19.600805352941176 43.23666384803922 17.978834343137255
41.57479680882352 20.065911887254902 13.186466146078429
20.130516088235293 42.9790299754902 16.411300950980394
25.219392769607847 23.47449096421568 46.13418569117647
20.437601409313725 23.99933983333333 48.78670492647058
21.54735751470588 44.2591095 18.28658500735294
17.52069577009804 36.57247641666666 13.993941648039215
23.876273343137253 45.93413548039216 21.468951752450977
20.030381161764705 42.62621880392157 17.336440297549018
20.26344904901961 42.467184171568626 16.339601689215687
23.81516888235294 24.91247113235294 49.80133075490197
42.05193855882353 22.377100872549015 18.50134575980392
42.7188282009804 20.491817857843138 14.95869551470588
23.22077609068627 45.06536962745098 20.398817284313722
